alpha = 1.660987
s1 = -0.815843
s2 = 2.476830
len = 13.847743
v0 = 299.799000
a = 0.000000

exp(PI*alpha*len/v0)+a+s1 = 0.45656 